2.99792458e+15
2.80616090e+15
2.62666347e+15
2.45864769e+15
2.30137911e+15
2.15417030e+15
2.01637776e+15
1.88739919e+15
1.76667080e+15
1.65366486e+15
1.54788739e+15
1.44887604e+15
1.35619799e+15
1.26944813e+15
1.18824728e+15
1.11224047e+15
1.04109548e+15
9.74501306e+14
9.12166863e+14
8.53819673e+14
7.99204689e+14
7.48083179e+14
7.00231680e+14
6.55441026e+14
6.13515427e+14
5.74271619e+14
5.37538060e+14
5.03154181e+14
4.70969683e+14
4.40843882e+14
4.12645092e+14
3.86250051e+14
3.61543382e+14
3.38417086e+14
3.16770075e+14
2.96507726e+14
2.77541467e+14
2.59788395e+14
2.43170906e+14
2.27616362e+14
2.13056773e+14
1.99428494e+14
1.86671955e+14
1.74731394e+14
1.63554617e+14
1.53092768e+14
1.43300115e+14
1.34133855e+14
1.25553919e+14
1.17522802e+14
1.10005400e+14
1.02968852e+14
9.63824000e+13
9.02172537e+13
8.44464639e+13
7.90448054e+13
7.39886666e+13
6.92559461e+13
6.48259564e+13
6.06793330e+13
5.67979505e+13
5.31648424e+13
4.97641278e+13
4.65809415e+13
4.36013693e+13
4.08123869e+13
3.82018030e+13
3.57582064e+13
3.34709156e+13
3.13299325e+13
2.93258984e+13
2.74500532e+13
2.56941974e+13
2.40506558e+13
2.25122441e+13
2.10722376e+13
1.97243419e+13
1.84626649e+13
1.72816917e+13
1.61762600e+13
1.51415378e+13
1.41730021e+13
1.32664192e+13
1.24178264e+13
1.16235142e+13
1.08800105e+13
1.01840654e+13
9.53263682e+12
8.92287715e+12
8.35212104e+12
7.81787362e+12
7.31779959e+12
6.84971304e+12
6.41156787e+12
6.00144886e+12
5.61756331e+12
5.25823318e+12
4.92188778e+12
4.60705688e+12
4.31236428e+12
4.03652183e+12
3.77832378e+12
3.53664149e+12
3.31041853e+12
3.09866602e+12
2.90045837e+12
2.71492916e+12
2.54126742e+12
2.37871403e+12
2.22655845e+12
2.08413557e+12
1.95082284e+12
1.82603753e+12
1.70923416e+12
1.59990218e+12
1.49756367e+12
1.40177129e+12
1.31210632e+12
1.22817681e+12
1.14961590e+12
1.07608017e+12
1.00724818e+12
9.42819070e+11
8.82511197e+11
8.26060946e+11
7.73221563e+11
7.23762075e+11
6.77466288e+11
6.34131832e+11
5.93569286e+11
5.55601343e+11
5.20062037e+11
4.86796020e+11
4.55657879e+11
4.26511505e+11
3.99229493e+11
3.73692587e+11
3.49789162e+11
3.27414731e+11
3.06471491e+11
2.86867895e+11
2.68518253e+11
2.51342354e+11
2.35265120e+11
2.20216274e+11
2.06130035e+11
1.92944829e+11
1.80603020e+11
1.69050662e+11
1.58237255e+11
1.48115534e+11
1.38641253e+11
1.29772998e+11
1.21472007e+11
1.13701991e+11
1.06428989e+11
9.96212079e+10
9.32488897e+10
8.72841798e+10
8.17010055e+10
7.64749616e+10
7.15832041e+10
6.70043502e+10
6.27183848e+10
5.87065733e+10
5.49513793e+10
5.14363880e+10
4.81462348e+10
4.50665379e+10
4.21838352e+10
3.94855260e+10
3.69598154e+10
3.45956632e+10
3.23827350e+10
3.03113579e+10
2.83724773e+10
2.65576183e+10
2.48588475e+10
2.32687394e+10
2.17803434e+10
2.03871533e+10
1.90830793e+10
1.78624210e+10
1.67198427e+10
1.56503499e+10
1.46492678e+10
1.37122204e+10
1.28351116e+10
1.20141076e+10
1.12456194e+10
1.05262880e+10
9.85296896e+09
9.22271908e+09
8.63278344e+09
8.08058332e+09
7.56370494e+09
7.07988893e+09
6.62702045e+09
6.20311991e+09
5.80633438e+09
5.43492942e+09
5.08728156e+09
4.76187116e+09
4.45727579e+09
4.17216401e+09
3.90528955e+09
3.65548583e+09
3.42166093e+09
3.20279275e+09
2.99792458e+09
