1.00000000e-05
1.08436597e-05
1.17584955e-05
1.27505124e-05
1.38262217e-05
1.49926843e-05
1.62575567e-05
1.76291412e-05
1.91164408e-05
2.07292178e-05
2.24780583e-05
2.43744415e-05
2.64308149e-05
2.86606762e-05
3.10786619e-05
3.37006433e-05
3.65438307e-05
3.96268864e-05
4.29700470e-05
4.65952567e-05
5.05263107e-05
5.47890118e-05
5.94113398e-05
6.44236351e-05
6.98587975e-05
7.57525026e-05
8.21434358e-05
8.90735464e-05
9.65883224e-05
1.04737090e-04
1.13573336e-04
1.23155060e-04
1.33545156e-04
1.44811823e-04
1.57029012e-04
1.70276917e-04
1.84642494e-04
2.00220037e-04
2.17111795e-04
2.35428641e-04
2.55290807e-04
2.76828663e-04
3.00183581e-04
3.25508860e-04
3.52970730e-04
3.82749448e-04
4.15040476e-04
4.50055768e-04
4.88025158e-04
5.29197874e-04
5.73844165e-04
6.22257084e-04
6.74754405e-04
7.31680714e-04
7.93409667e-04
8.60346442e-04
9.32930403e-04
1.01163798e-03
1.09698580e-03
1.18953407e-03
1.28989026e-03
1.39871310e-03
1.51671689e-03
1.64467618e-03
1.78343088e-03
1.93389175e-03
2.09704640e-03
2.27396575e-03
2.46581108e-03
2.67384162e-03
2.89942285e-03
3.14403547e-03
3.40928507e-03
3.69691271e-03
4.00880633e-03
4.34701316e-03
4.71375313e-03
5.11143348e-03
5.54266452e-03
6.01027678e-03
6.51733960e-03
7.06718127e-03
7.66341087e-03
8.30994195e-03
9.01101825e-03
9.77124154e-03
1.05956018e-02
1.14895100e-02
1.24588336e-02
1.35099352e-02
1.46497140e-02
1.58856513e-02
1.72258597e-02
1.86791360e-02
2.02550194e-02
2.19638537e-02
2.38168555e-02
2.58261876e-02
2.80050389e-02
3.03677112e-02
3.29297126e-02
3.57078596e-02
3.87203878e-02
4.19870708e-02
4.55293507e-02
4.93704785e-02
5.35356668e-02
5.80522552e-02
6.29498899e-02
6.82607183e-02
7.40196000e-02
8.02643352e-02
8.70359136e-02
9.43787828e-02
1.02341140e-01
1.10975250e-01
1.20337784e-01
1.30490198e-01
1.41499130e-01
1.53436841e-01
1.66381689e-01
1.80418641e-01
1.95639834e-01
2.12145178e-01
2.30043012e-01
2.49450814e-01
2.70495973e-01
2.93316628e-01
3.18062569e-01
3.44896226e-01
3.73993730e-01
4.05546074e-01
4.39760361e-01
4.76861170e-01
5.17092024e-01
5.60716994e-01
6.08022426e-01
6.59318827e-01
7.14942899e-01
7.75259749e-01
8.40665289e-01
9.11588830e-01
9.88495905e-01
1.07189132e+00
1.16232247e+00
1.26038293e+00
1.36671636e+00
1.48202071e+00
1.60705282e+00
1.74263339e+00
1.88965234e+00
2.04907469e+00
2.22194686e+00
2.40940356e+00
2.61267523e+00
2.83309610e+00
3.07211300e+00
3.33129479e+00
3.61234270e+00
3.91710149e+00
4.24757155e+00
4.60592204e+00
4.99450512e+00
5.41587138e+00
5.87278661e+00
6.36824994e+00
6.90551352e+00
7.48810386e+00
8.11984499e+00
8.80488358e+00
9.54771611e+00
1.03532184e+01
1.12266777e+01
1.21738273e+01
1.32008840e+01
1.43145894e+01
1.55222536e+01
1.68318035e+01
1.82518349e+01
1.97916687e+01
2.14614120e+01
2.32720248e+01
2.52353917e+01
2.73644000e+01
2.96730241e+01
3.21764175e+01
3.48910121e+01
3.78346262e+01
4.10265811e+01
4.44878283e+01
4.82410870e+01
5.23109931e+01
5.67242607e+01
6.15098579e+01
6.66991966e+01
7.23263390e+01
7.84282206e+01
8.50448934e+01
9.22197882e+01
1.00000000e+02
